V1:
0.511811023622
0.9461218922437
1.3125694755326
1.6198105729958
1.8755939478015

V2:
6.1417322834646
6.2353524707049
6.2896147839539
6.3120321206232
6.30902164366

V3:
-3.8582677165354
-3.7646475292951
-3.7103852160461
-3.6879678793768
-3.69097835634

I_Vsrc0:
-24.244094488189
-24.5269390538781
-24.8437152622337
-25.1900947135021
-25.5622030260992

I_L0:
0.6141732283465
1.237708475417
1.8666699538124
2.4978731658747
3.1287753302407

I_L1:
-0.3858267716535
-0.762291524583
-1.1333300461876
-1.5021268341253
-1.8712246697593

