V1:
15.0
15.0
15.0
15.0
15.0
15.0
15.0
15.0
15.0
15.0
15.0
15.0
15.0
15.0
15.0
15.0
15.0
15.0
15.0
15.0

V2:
5.0
8.3333333333333
10.5555555555555
12.037037037037
13.0246913580247
13.6831275720165
14.122085048011
14.4147233653407
14.6098155768938
14.7398770512625
14.8265847008417
14.8843898005611
14.9229265337074
14.9486176891383
14.9657451260922
14.9771634173948
14.9847756115965
14.989850407731
14.993233605154
14.9954890701027

I_Vsrc0:
-0.001
-0.0006666666667
-0.0004444444444
-0.0002962962963
-0.0001975308642
-0.0001316872428
-8.77914952e-05
-5.85276635e-05
-3.90184423e-05
-2.60122949e-05
-1.73415299e-05
-1.15610199e-05
-7.7073466e-06
-5.1382311e-06
-3.4254874e-06
-2.2836583e-06
-1.5224388e-06
-1.0149592e-06
-6.766395e-07
-4.51093e-07

