V1:
15.0
15.0
15.0
15.0
15.0
15.0
15.0
15.0
15.0
15.0
15.0
15.0
15.0
15.0
15.0
15.0
15.0
15.0
15.0
15.0

V2:
10.0
6.6666666666667
4.4444444444445
2.962962962963
1.9753086419753
1.3168724279835
0.877914951989
0.5852766346593
0.3901844231062
0.2601229487375
0.1734152991583
0.1156101994389
0.0770734662926
0.0513823108617
0.0342548739078
0.0228365826052
0.0152243884035
0.010149592269
0.006766394846
0.0045109298973

I_Vsrc0:
-5.0
-8.3333333333333
-10.5555555555555
-12.037037037037
-13.0246913580247
-13.6831275720165
-14.122085048011
-14.4147233653407
-14.6098155768938
-14.7398770512625
-14.8265847008417
-14.8843898005611
-14.9229265337074
-14.9486176891383
-14.9657451260922
-14.9771634173948
-14.9847756115965
-14.989850407731
-14.993233605154
-14.9954890701027

I_L0:
5.0
8.3333333333333
10.5555555555555
12.037037037037
13.0246913580247
13.6831275720165
14.122085048011
14.4147233653407
14.6098155768938
14.7398770512625
14.8265847008417
14.8843898005611
14.9229265337074
14.9486176891383
14.9657451260922
14.9771634173948
14.9847756115965
14.989850407731
14.993233605154
14.9954890701027

