V1:
0.0819672131148
0.1478097285676
0.1993558932245
0.2383387184642
0.2663846618006
0.2850061782764
0.2955974839405
0.2994330216334
0.2976681669286
0.2913417586964
0.2813800837733
0.2686019882007
0.2537248280887
0.237371011143
0.2200749151032
0.2022900017082
0.1843959743073
0.1667058539081
0.1494728723692
0.1328971027084

V2:
0.983606557377
0.9540446116636
0.9141734330186
0.8665056893257
0.8132287569655
0.7562275213102
0.6971080245222
0.6372214201955
0.5776877868098
0.5194194350704
0.4631434183158
0.4094230206757
0.3586780550579
0.3112038528292
0.2671888698086
0.2267308694669
0.1898516746053
0.1565105038238
0.12661592935
0.1000365088082

I_L0:
0.0983606557377
0.1937651169041
0.285182460206
0.3718330291386
0.4531559048351
0.5287786569661
0.5984894594183
0.6622116014379
0.7199803801189
0.7719223236259
0.8182366654575
0.8591789675251
0.8950467730309
0.9261671583138
0.9528860452947
0.9755591322414
0.9945442997019
1.0101953500843
1.0228569430193
1.0328605939001

